Optimal solution:
[[2, 8, 22, 41], [11, 64, 12, 25, 7, 24], [14, 75, 61, 40, 4, 78, 52], [18, 32, 28, 60, 6, 45, 13, 63], [30, 21, 76, 58, 20, 27, 36, 66, 70, 57, 48, 16, 34, 65], [31, 79, 62, 17, 44, 69, 9, 38, 3, 35], [39, 73, 55, 10, 56, 42, 26, 47], [43, 54, 67, 68, 37, 74, 50], [53, 29, 80, 19, 49, 15, 72], [59, 33, 5, 23, 46, 51, 77, 71]]
Total cost: 1766.4999433704209

Nearest Neighbour Heuristic:
[[50, 74, 37, 43, 52, 78, 4], [41, 22, 2, 8, 11, 72, 15], [14, 54, 67, 68, 71, 39, 59, 51, 77], [75, 30, 6, 45, 13, 24, 63], [40, 61, 18, 32, 28, 60, 31], [64, 12, 35, 25, 7, 79, 69, 17, 44], [73, 46, 23, 33, 5, 55, 34, 16, 42, 26], [65, 47, 76, 21, 58, 62, 20, 48], [53, 29, 80, 49, 19], [3, 38, 9, 27, 36, 66, 70, 57, 56], [10]]
Total cost: 2182.091624261645

Savings Heurustic:
[[2, 8, 22, 41], [12, 53, 29, 80, 19, 49, 15], [13, 45, 24, 63, 64, 72, 11], [14, 75, 30, 61, 4, 43], [18, 32, 28, 60, 31, 7, 25, 6], [20, 27, 36, 66, 70, 57, 48, 58, 62, 17, 44, 69], [35, 3, 38, 9, 79, 21, 76, 26, 42, 78, 52], [50, 74, 39, 67, 68, 37], [59, 33, 5, 23, 46, 51, 71, 54], [77, 73, 55, 10, 56, 16, 34, 47, 65, 40]]
Total cost: 1836.8389976301555